./blade_send_tone using device at /dev/bladerf0
generating user frequency of 10000.000 Hz
Device /dev/bladerf0 opened successfully
requested 4.000000 Msps, was givin 4.000000 Msps
requested 2.000000 MHz BW, was givin 2.500000 MHz
 radian_rate = 0.015708
 Main Loop Starting.. sending samples..
                    I          Q       scaled  int16_t
phase=0.015708 [ 0.999877, 0.015707 ] ( 32762, 00514 )
phase=0.031416 [ 0.999507, 0.031411 ] ( 32750, 01029 )
phase=0.047124 [ 0.998890, 0.047106 ] ( 32730, 01543 )
phase=0.062832 [ 0.998027, 0.062791 ] ( 32702, 02057 )
phase=0.078540 [ 0.996917, 0.078459 ] ( 32665, 02570 )
phase=0.094248 [ 0.995562, 0.094108 ] ( 32621, 03083 )
phase=0.109956 [ 0.993961, 0.109734 ] ( 32569, 03595 )
phase=0.125664 [ 0.992115, 0.125333 ] ( 32508, 04106 )
phase=0.141372 [ 0.990024, 0.140901 ] ( 32440, 04616 )
phase=0.157080 [ 0.987688, 0.156434 ] ( 32363, 05125 )
phase=0.172788 [ 0.985109, 0.171929 ] ( 32279, 05633 )
phase=0.188496 [ 0.982287, 0.187381 ] ( 32186, 06139 )
phase=0.204204 [ 0.979223, 0.202787 ] ( 32086, 06644 )
phase=0.219911 [ 0.975917, 0.218143 ] ( 31977, 07147 )
phase=0.235619 [ 0.972370, 0.233445 ] ( 31861, 07649 )
phase=0.251327 [ 0.968583, 0.248690 ] ( 31737, 08148 )
phase=0.267035 [ 0.964557, 0.263873 ] ( 31605, 08646 )
phase=0.282743 [ 0.960294, 0.278991 ] ( 31465, 09141 )
phase=0.298451 [ 0.955793, 0.294040 ] ( 31318, 09634 )
phase=0.314159 [ 0.951057, 0.309017 ] ( 31163, 10125 )
phase=0.329867 [ 0.946085, 0.323917 ] ( 31000, 10613 )
phase=0.345575 [ 0.940881, 0.338738 ] ( 30829, 11099 )
phase=0.361283 [ 0.935444, 0.353475 ] ( 30651, 11582 )
phase=0.376991 [ 0.929776, 0.368125 ] ( 30465, 12062 )
phase=0.392699 [ 0.923880, 0.382683 ] ( 30272, 12539 )
phase=0.408407 [ 0.917755, 0.397148 ] ( 30072, 13013 )
phase=0.424115 [ 0.911403, 0.411514 ] ( 29863, 13484 )
phase=0.439823 [ 0.904827, 0.425779 ] ( 29648, 13951 )
phase=0.455531 [ 0.898028, 0.439939 ] ( 29425, 14415 )
phase=0.471239 [ 0.891007, 0.453990 ] ( 29195, 14875 )
phase=0.486947 [ 0.883766, 0.467930 ] ( 28958, 15332 )
phase=0.502655 [ 0.876307, 0.481754 ] ( 28713, 15785 )
phase=0.518363 [ 0.868632, 0.495459 ] ( 28462, 16234 )
phase=0.534071 [ 0.860742, 0.509041 ] ( 28203, 16679 )
phase=0.549779 [ 0.852640, 0.522499 ] ( 27938, 17120 )
phase=0.565487 [ 0.844328, 0.535827 ] ( 27666, 17557 )
phase=0.581195 [ 0.835807, 0.549023 ] ( 27386, 17989 )
phase=0.596903 [ 0.827081, 0.562083 ] ( 27100, 18417 )
phase=0.612611 [ 0.818150, 0.575005 ] ( 26808, 18841 )
phase=0.628319 [ 0.809017, 0.587785 ] ( 26509, 19259 )
phase=0.644026 [ 0.799685, 0.600420 ] ( 26203, 19673 )
phase=0.659734 [ 0.790155, 0.612907 ] ( 25891, 20083 )
phase=0.675442 [ 0.780430, 0.625243 ] ( 25572, 20487 )
phase=0.691150 [ 0.770513, 0.637424 ] ( 25247, 20886 )
phase=0.706858 [ 0.760406, 0.649448 ] ( 24916, 21280 )
phase=0.722566 [ 0.750111, 0.661312 ] ( 24578, 21669 )
phase=0.738274 [ 0.739631, 0.673013 ] ( 24235, 22052 )
phase=0.753982 [ 0.728969, 0.684547 ] ( 23886, 22430 )
phase=0.769690 [ 0.718126, 0.695913 ] ( 23530, 22802 )
phase=0.785398 [ 0.707107, 0.707107 ] ( 23169, 23169 )
phase=0.801106 [ 0.695913, 0.718126 ] ( 22802, 23530 )
phase=0.816814 [ 0.684547, 0.728969 ] ( 22430, 23886 )
phase=0.832522 [ 0.673013, 0.739631 ] ( 22052, 24235 )
phase=0.848230 [ 0.661312, 0.750111 ] ( 21669, 24578 )
phase=0.863938 [ 0.649448, 0.760406 ] ( 21280, 24916 )
phase=0.879646 [ 0.637424, 0.770513 ] ( 20886, 25247 )
phase=0.895354 [ 0.625243, 0.780430 ] ( 20487, 25572 )
phase=0.911062 [ 0.612907, 0.790155 ] ( 20083, 25891 )
phase=0.926770 [ 0.600420, 0.799685 ] ( 19673, 26203 )
phase=0.942478 [ 0.587785, 0.809017 ] ( 19259, 26509 )
phase=0.958186 [ 0.575005, 0.818150 ] ( 18841, 26808 )
phase=0.973894 [ 0.562083, 0.827081 ] ( 18417, 27100 )
phase=0.989602 [ 0.549023, 0.835807 ] ( 17989, 27386 )
phase=1.005310 [ 0.535827, 0.844328 ] ( 17557, 27666 )
phase=1.021018 [ 0.522499, 0.852640 ] ( 17120, 27938 )
phase=1.036726 [ 0.509041, 0.860742 ] ( 16679, 28203 )
phase=1.052434 [ 0.495459, 0.868632 ] ( 16234, 28462 )
phase=1.068142 [ 0.481754, 0.876307 ] ( 15785, 28713 )
phase=1.083849 [ 0.467930, 0.883766 ] ( 15332, 28958 )
phase=1.099557 [ 0.453991, 0.891007 ] ( 14875, 29195 )
phase=1.115265 [ 0.439939, 0.898028 ] ( 14415, 29425 )
phase=1.130973 [ 0.425779, 0.904827 ] ( 13951, 29648 )
phase=1.146681 [ 0.411514, 0.911403 ] ( 13484, 29863 )
phase=1.162389 [ 0.397148, 0.917755 ] ( 13013, 30072 )
phase=1.178097 [ 0.382683, 0.923880 ] ( 12539, 30272 )
phase=1.193805 [ 0.368125, 0.929776 ] ( 12062, 30465 )
phase=1.209513 [ 0.353475, 0.935444 ] ( 11582, 30651 )
phase=1.225221 [ 0.338738, 0.940881 ] ( 11099, 30829 )
phase=1.240929 [ 0.323917, 0.946085 ] ( 10613, 31000 )
phase=1.256637 [ 0.309017, 0.951057 ] ( 10125, 31163 )
phase=1.272345 [ 0.294040, 0.955793 ] ( 09634, 31318 )
phase=1.288053 [ 0.278991, 0.960294 ] ( 09141, 31465 )
phase=1.303761 [ 0.263873, 0.964557 ] ( 08646, 31605 )
phase=1.319469 [ 0.248690, 0.968583 ] ( 08148, 31737 )
phase=1.335177 [ 0.233445, 0.972370 ] ( 07649, 31861 )
phase=1.350885 [ 0.218143, 0.975917 ] ( 07147, 31977 )
phase=1.366593 [ 0.202787, 0.979223 ] ( 06644, 32086 )
phase=1.382301 [ 0.187381, 0.982287 ] ( 06139, 32186 )
phase=1.398009 [ 0.171929, 0.985109 ] ( 05633, 32279 )
phase=1.413717 [ 0.156434, 0.987688 ] ( 05125, 32363 )
phase=1.429425 [ 0.140901, 0.990024 ] ( 04616, 32440 )
phase=1.445133 [ 0.125333, 0.992115 ] ( 04106, 32508 )
phase=1.460841 [ 0.109734, 0.993961 ] ( 03595, 32569 )
phase=1.476549 [ 0.094108, 0.995562 ] ( 03083, 32621 )
phase=1.492257 [ 0.078459, 0.996917 ] ( 02570, 32665 )
phase=1.507964 [ 0.062791, 0.998027 ] ( 02057, 32702 )
phase=1.523672 [ 0.047106, 0.998890 ] ( 01543, 32730 )
phase=1.539380 [ 0.031411, 0.999507 ] ( 01029, 32750 )
phase=1.555088 [ 0.015707, 0.999877 ] ( 00514, 32762 )
phase=1.570796 [ 0.000000, 1.000000 ] ( 00000, 32767 )
phase=1.586504 [ -0.015707, 0.999877 ] ( -0514, 32762 )
phase=1.602212 [ -0.031411, 0.999507 ] ( -1029, 32750 )
phase=1.617920 [ -0.047106, 0.998890 ] ( -1543, 32730 )
phase=1.633628 [ -0.062791, 0.998027 ] ( -2057, 32702 )
phase=1.649336 [ -0.078459, 0.996917 ] ( -2570, 32665 )
phase=1.665044 [ -0.094108, 0.995562 ] ( -3083, 32621 )
phase=1.680752 [ -0.109734, 0.993961 ] ( -3595, 32569 )
phase=1.696460 [ -0.125333, 0.992115 ] ( -4106, 32508 )
phase=1.712168 [ -0.140901, 0.990024 ] ( -4616, 32440 )
phase=1.727876 [ -0.156434, 0.987688 ] ( -5125, 32363 )
phase=1.743584 [ -0.171929, 0.985109 ] ( -5633, 32279 )
phase=1.759292 [ -0.187381, 0.982287 ] ( -6139, 32186 )
phase=1.775000 [ -0.202787, 0.979223 ] ( -6644, 32086 )
phase=1.790708 [ -0.218143, 0.975917 ] ( -7147, 31977 )
phase=1.806416 [ -0.233445, 0.972370 ] ( -7649, 31861 )
phase=1.822124 [ -0.248690, 0.968583 ] ( -8148, 31737 )
phase=1.837832 [ -0.263873, 0.964557 ] ( -8646, 31605 )
phase=1.853540 [ -0.278991, 0.960294 ] ( -9141, 31465 )
phase=1.869248 [ -0.294040, 0.955793 ] ( -9634, 31318 )
phase=1.884956 [ -0.309017, 0.951057 ] ( -10125, 31163 )
phase=1.900664 [ -0.323917, 0.946085 ] ( -10613, 31000 )
phase=1.916372 [ -0.338738, 0.940881 ] ( -11099, 30829 )
phase=1.932079 [ -0.353475, 0.935444 ] ( -11582, 30651 )
phase=1.947787 [ -0.368125, 0.929776 ] ( -12062, 30465 )
phase=1.963495 [ -0.382683, 0.923880 ] ( -12539, 30272 )
phase=1.979203 [ -0.397148, 0.917755 ] ( -13013, 30072 )
phase=1.994911 [ -0.411514, 0.911403 ] ( -13484, 29863 )
phase=2.010619 [ -0.425779, 0.904827 ] ( -13951, 29648 )
phase=2.026327 [ -0.439939, 0.898028 ] ( -14415, 29425 )
phase=2.042035 [ -0.453990, 0.891007 ] ( -14875, 29195 )
phase=2.057743 [ -0.467930, 0.883766 ] ( -15332, 28958 )
phase=2.073451 [ -0.481754, 0.876307 ] ( -15785, 28713 )
phase=2.089159 [ -0.495459, 0.868632 ] ( -16234, 28462 )
phase=2.104867 [ -0.509041, 0.860742 ] ( -16679, 28203 )
phase=2.120575 [ -0.522499, 0.852640 ] ( -17120, 27938 )
phase=2.136283 [ -0.535827, 0.844328 ] ( -17557, 27666 )
phase=2.151991 [ -0.549023, 0.835807 ] ( -17989, 27386 )
phase=2.167699 [ -0.562083, 0.827081 ] ( -18417, 27100 )
phase=2.183407 [ -0.575005, 0.818150 ] ( -18841, 26808 )
phase=2.199115 [ -0.587785, 0.809017 ] ( -19259, 26509 )
phase=2.214823 [ -0.600420, 0.799685 ] ( -19673, 26203 )
phase=2.230531 [ -0.612907, 0.790155 ] ( -20083, 25891 )
phase=2.246239 [ -0.625243, 0.780430 ] ( -20487, 25572 )
phase=2.261947 [ -0.637424, 0.770513 ] ( -20886, 25247 )
phase=2.277655 [ -0.649448, 0.760406 ] ( -21280, 24916 )
phase=2.293363 [ -0.661312, 0.750111 ] ( -21669, 24578 )
phase=2.309071 [ -0.673013, 0.739631 ] ( -22052, 24235 )
phase=2.324779 [ -0.684547, 0.728969 ] ( -22430, 23886 )
phase=2.340487 [ -0.695913, 0.718126 ] ( -22802, 23530 )
phase=2.356194 [ -0.707107, 0.707107 ] ( -23169, 23169 )
phase=2.371902 [ -0.718126, 0.695913 ] ( -23530, 22802 )
phase=2.387610 [ -0.728969, 0.684547 ] ( -23886, 22430 )
phase=2.403318 [ -0.739631, 0.673013 ] ( -24235, 22052 )
phase=2.419026 [ -0.750111, 0.661312 ] ( -24578, 21669 )
phase=2.434734 [ -0.760406, 0.649448 ] ( -24916, 21280 )
phase=2.450442 [ -0.770513, 0.637424 ] ( -25247, 20886 )
phase=2.466150 [ -0.780430, 0.625243 ] ( -25572, 20487 )
phase=2.481858 [ -0.790155, 0.612907 ] ( -25891, 20083 )
phase=2.497566 [ -0.799685, 0.600420 ] ( -26203, 19673 )
phase=2.513274 [ -0.809017, 0.587785 ] ( -26509, 19259 )
phase=2.528982 [ -0.818150, 0.575005 ] ( -26808, 18841 )
phase=2.544690 [ -0.827081, 0.562083 ] ( -27100, 18417 )
phase=2.560398 [ -0.835807, 0.549023 ] ( -27386, 17989 )
phase=2.576106 [ -0.844328, 0.535827 ] ( -27666, 17557 )
phase=2.591814 [ -0.852640, 0.522499 ] ( -27938, 17120 )
phase=2.607522 [ -0.860742, 0.509041 ] ( -28203, 16679 )
phase=2.623230 [ -0.868632, 0.495459 ] ( -28462, 16234 )
phase=2.638938 [ -0.876307, 0.481754 ] ( -28713, 15785 )
phase=2.654646 [ -0.883766, 0.467930 ] ( -28958, 15332 )
phase=2.670354 [ -0.891007, 0.453991 ] ( -29195, 14875 )
phase=2.686062 [ -0.898028, 0.439939 ] ( -29425, 14415 )
phase=2.701770 [ -0.904827, 0.425779 ] ( -29648, 13951 )
phase=2.717478 [ -0.911403, 0.411514 ] ( -29863, 13484 )
phase=2.733186 [ -0.917755, 0.397148 ] ( -30072, 13013 )
phase=2.748894 [ -0.923880, 0.382683 ] ( -30272, 12539 )
phase=2.764602 [ -0.929776, 0.368125 ] ( -30465, 12062 )
phase=2.780309 [ -0.935444, 0.353475 ] ( -30651, 11582 )
phase=2.796017 [ -0.940881, 0.338738 ] ( -30829, 11099 )
phase=2.811725 [ -0.946085, 0.323917 ] ( -31000, 10613 )
phase=2.827433 [ -0.951057, 0.309017 ] ( -31163, 10125 )
phase=2.843141 [ -0.955793, 0.294040 ] ( -31318, 09634 )
phase=2.858849 [ -0.960294, 0.278991 ] ( -31465, 09141 )
phase=2.874557 [ -0.964557, 0.263873 ] ( -31605, 08646 )
phase=2.890265 [ -0.968583, 0.248690 ] ( -31737, 08148 )
phase=2.905973 [ -0.972370, 0.233445 ] ( -31861, 07649 )
phase=2.921681 [ -0.975917, 0.218143 ] ( -31977, 07147 )
phase=2.937389 [ -0.979223, 0.202787 ] ( -32086, 06644 )
phase=2.953097 [ -0.982287, 0.187381 ] ( -32186, 06139 )
phase=2.968805 [ -0.985109, 0.171929 ] ( -32279, 05633 )
phase=2.984513 [ -0.987688, 0.156434 ] ( -32363, 05125 )
phase=3.000221 [ -0.990024, 0.140901 ] ( -32440, 04616 )
phase=3.015929 [ -0.992115, 0.125333 ] ( -32508, 04106 )
phase=3.031637 [ -0.993961, 0.109734 ] ( -32569, 03595 )
phase=3.047345 [ -0.995562, 0.094108 ] ( -32621, 03083 )
phase=3.063053 [ -0.996917, 0.078459 ] ( -32665, 02570 )
phase=3.078761 [ -0.998027, 0.062791 ] ( -32702, 02057 )
phase=3.094469 [ -0.998890, 0.047106 ] ( -32730, 01543 )
phase=3.110177 [ -0.999507, 0.031411 ] ( -32750, 01029 )
phase=3.125885 [ -0.999877, 0.015707 ] ( -32762, 00514 )
phase=3.141593 [ -1.000000, 0.000000 ] ( -32767, 00000 )
phase=3.157301 [ -0.999877, -0.015707 ] ( -32762, -0514 )
phase=3.173009 [ -0.999507, -0.031411 ] ( -32750, -1029 )
phase=3.188717 [ -0.998890, -0.047106 ] ( -32730, -1543 )
phase=3.204425 [ -0.998027, -0.062791 ] ( -32702, -2057 )
phase=3.220132 [ -0.996917, -0.078459 ] ( -32665, -2570 )
phase=3.235840 [ -0.995562, -0.094108 ] ( -32621, -3083 )
phase=3.251548 [ -0.993961, -0.109734 ] ( -32569, -3595 )
phase=3.267256 [ -0.992115, -0.125333 ] ( -32508, -4106 )
phase=3.282964 [ -0.990024, -0.140901 ] ( -32440, -4616 )
phase=3.298672 [ -0.987688, -0.156434 ] ( -32363, -5125 )
phase=3.314380 [ -0.985109, -0.171929 ] ( -32279, -5633 )
phase=3.330088 [ -0.982287, -0.187381 ] ( -32186, -6139 )
phase=3.345796 [ -0.979223, -0.202787 ] ( -32086, -6644 )
phase=3.361504 [ -0.975917, -0.218143 ] ( -31977, -7147 )
phase=3.377212 [ -0.972370, -0.233445 ] ( -31861, -7649 )
phase=3.392920 [ -0.968583, -0.248690 ] ( -31737, -8148 )
phase=3.408628 [ -0.964557, -0.263873 ] ( -31605, -8646 )
phase=3.424336 [ -0.960294, -0.278991 ] ( -31465, -9141 )
phase=3.440044 [ -0.955793, -0.294040 ] ( -31318, -9634 )
phase=3.455752 [ -0.951057, -0.309017 ] ( -31163, -10125 )
phase=3.471460 [ -0.946085, -0.323917 ] ( -31000, -10613 )
phase=3.487168 [ -0.940881, -0.338738 ] ( -30829, -11099 )
phase=3.502876 [ -0.935444, -0.353475 ] ( -30651, -11582 )
phase=3.518584 [ -0.929776, -0.368125 ] ( -30465, -12062 )
phase=3.534292 [ -0.923880, -0.382683 ] ( -30272, -12539 )
phase=3.550000 [ -0.917755, -0.397148 ] ( -30072, -13013 )
phase=3.565708 [ -0.911403, -0.411514 ] ( -29863, -13484 )
phase=3.581416 [ -0.904827, -0.425779 ] ( -29648, -13951 )
phase=3.597124 [ -0.898028, -0.439939 ] ( -29425, -14415 )
phase=3.612832 [ -0.891007, -0.453990 ] ( -29195, -14875 )
phase=3.628540 [ -0.883766, -0.467930 ] ( -28958, -15332 )
phase=3.644247 [ -0.876307, -0.481754 ] ( -28713, -15785 )
phase=3.659955 [ -0.868632, -0.495459 ] ( -28462, -16234 )
phase=3.675663 [ -0.860742, -0.509041 ] ( -28203, -16679 )
phase=3.691371 [ -0.852640, -0.522499 ] ( -27938, -17120 )
phase=3.707079 [ -0.844328, -0.535827 ] ( -27666, -17557 )
phase=3.722787 [ -0.835807, -0.549023 ] ( -27386, -17989 )
phase=3.738495 [ -0.827081, -0.562083 ] ( -27100, -18417 )
phase=3.754203 [ -0.818150, -0.575005 ] ( -26808, -18841 )
phase=3.769911 [ -0.809017, -0.587785 ] ( -26509, -19259 )
phase=3.785619 [ -0.799685, -0.600420 ] ( -26203, -19673 )
phase=3.801327 [ -0.790155, -0.612907 ] ( -25891, -20083 )
phase=3.817035 [ -0.780430, -0.625243 ] ( -25572, -20487 )
phase=3.832743 [ -0.770513, -0.637424 ] ( -25247, -20886 )
phase=3.848451 [ -0.760406, -0.649448 ] ( -24916, -21280 )
phase=3.864159 [ -0.750111, -0.661312 ] ( -24578, -21669 )
phase=3.879867 [ -0.739631, -0.673013 ] ( -24235, -22052 )
phase=3.895575 [ -0.728969, -0.684547 ] ( -23886, -22430 )
phase=3.911283 [ -0.718126, -0.695913 ] ( -23530, -22802 )
phase=3.926991 [ -0.707107, -0.707107 ] ( -23169, -23169 )
phase=3.942699 [ -0.695913, -0.718126 ] ( -22802, -23530 )
phase=3.958407 [ -0.684547, -0.728969 ] ( -22430, -23886 )
phase=3.974115 [ -0.673013, -0.739631 ] ( -22052, -24235 )
phase=3.989823 [ -0.661312, -0.750111 ] ( -21669, -24578 )
phase=4.005531 [ -0.649448, -0.760406 ] ( -21280, -24916 )
phase=4.021239 [ -0.637424, -0.770513 ] ( -20886, -25247 )
phase=4.036947 [ -0.625243, -0.780430 ] ( -20487, -25572 )
phase=4.052655 [ -0.612907, -0.790155 ] ( -20083, -25891 )
phase=4.068362 [ -0.600420, -0.799685 ] ( -19673, -26203 )
phase=4.084070 [ -0.587785, -0.809017 ] ( -19259, -26509 )
phase=4.099778 [ -0.575005, -0.818150 ] ( -18841, -26808 )
phase=4.115486 [ -0.562083, -0.827081 ] ( -18417, -27100 )
phase=4.131194 [ -0.549023, -0.835807 ] ( -17989, -27386 )
phase=4.146902 [ -0.535827, -0.844328 ] ( -17557, -27666 )
phase=4.162610 [ -0.522499, -0.852640 ] ( -17120, -27938 )
phase=4.178318 [ -0.509041, -0.860742 ] ( -16679, -28203 )
phase=4.194026 [ -0.495459, -0.868632 ] ( -16234, -28462 )
phase=4.209734 [ -0.481754, -0.876307 ] ( -15785, -28713 )
phase=4.225442 [ -0.467930, -0.883766 ] ( -15332, -28958 )
phase=4.241150 [ -0.453991, -0.891007 ] ( -14875, -29195 )
phase=4.256858 [ -0.439939, -0.898028 ] ( -14415, -29425 )
phase=4.272566 [ -0.425779, -0.904827 ] ( -13951, -29648 )
phase=4.288274 [ -0.411514, -0.911403 ] ( -13484, -29863 )
phase=4.303982 [ -0.397148, -0.917755 ] ( -13013, -30072 )
phase=4.319690 [ -0.382683, -0.923880 ] ( -12539, -30272 )
phase=4.335398 [ -0.368125, -0.929776 ] ( -12062, -30465 )
phase=4.351106 [ -0.353475, -0.935444 ] ( -11582, -30651 )
phase=4.366814 [ -0.338738, -0.940881 ] ( -11099, -30829 )
phase=4.382522 [ -0.323917, -0.946085 ] ( -10613, -31000 )
phase=4.398230 [ -0.309017, -0.951057 ] ( -10125, -31163 )
phase=4.413938 [ -0.294040, -0.955793 ] ( -9634, -31318 )
phase=4.429646 [ -0.278991, -0.960294 ] ( -9141, -31465 )
phase=4.445354 [ -0.263873, -0.964557 ] ( -8646, -31605 )
phase=4.461062 [ -0.248690, -0.968583 ] ( -8148, -31737 )
phase=4.476770 [ -0.233445, -0.972370 ] ( -7649, -31861 )
phase=4.492477 [ -0.218143, -0.975917 ] ( -7147, -31977 )
phase=4.508185 [ -0.202787, -0.979223 ] ( -6644, -32086 )
phase=4.523893 [ -0.187381, -0.982287 ] ( -6139, -32186 )
phase=4.539601 [ -0.171929, -0.985109 ] ( -5633, -32279 )
phase=4.555309 [ -0.156434, -0.987688 ] ( -5125, -32363 )
phase=4.571017 [ -0.140901, -0.990024 ] ( -4616, -32440 )
phase=4.586725 [ -0.125333, -0.992115 ] ( -4106, -32508 )
phase=4.602433 [ -0.109734, -0.993961 ] ( -3595, -32569 )
phase=4.618141 [ -0.094108, -0.995562 ] ( -3083, -32621 )
phase=4.633849 [ -0.078459, -0.996917 ] ( -2570, -32665 )
phase=4.649557 [ -0.062791, -0.998027 ] ( -2057, -32702 )
phase=4.665265 [ -0.047106, -0.998890 ] ( -1543, -32730 )
phase=4.680973 [ -0.031411, -0.999507 ] ( -1029, -32750 )
phase=4.696681 [ -0.015707, -0.999877 ] ( -0514, -32762 )
phase=4.712389 [ -0.000000, -1.000000 ] ( 00000, -32767 )
phase=4.728097 [ 0.015707, -0.999877 ] ( 00514, -32762 )
phase=4.743805 [ 0.031411, -0.999507 ] ( 01029, -32750 )
phase=4.759513 [ 0.047106, -0.998890 ] ( 01543, -32730 )
phase=4.775221 [ 0.062791, -0.998027 ] ( 02057, -32702 )
phase=4.790929 [ 0.078459, -0.996917 ] ( 02570, -32665 )
phase=4.806637 [ 0.094108, -0.995562 ] ( 03083, -32621 )
phase=4.822345 [ 0.109734, -0.993961 ] ( 03595, -32569 )
phase=4.838053 [ 0.125333, -0.992115 ] ( 04106, -32508 )
phase=4.853761 [ 0.140901, -0.990024 ] ( 04616, -32440 )
phase=4.869469 [ 0.156434, -0.987688 ] ( 05125, -32363 )
phase=4.885177 [ 0.171929, -0.985109 ] ( 05633, -32279 )
phase=4.900885 [ 0.187381, -0.982287 ] ( 06139, -32186 )
phase=4.916592 [ 0.202787, -0.979223 ] ( 06644, -32086 )
phase=4.932300 [ 0.218143, -0.975917 ] ( 07147, -31977 )
phase=4.948008 [ 0.233445, -0.972370 ] ( 07649, -31861 )
phase=4.963716 [ 0.248690, -0.968583 ] ( 08148, -31737 )
phase=4.979424 [ 0.263873, -0.964557 ] ( 08646, -31605 )
phase=4.995132 [ 0.278991, -0.960294 ] ( 09141, -31465 )
phase=5.010840 [ 0.294040, -0.955793 ] ( 09634, -31318 )
phase=5.026548 [ 0.309017, -0.951057 ] ( 10125, -31163 )
phase=5.042256 [ 0.323917, -0.946085 ] ( 10613, -31000 )
phase=5.057964 [ 0.338738, -0.940881 ] ( 11099, -30829 )
phase=5.073672 [ 0.353475, -0.935444 ] ( 11582, -30651 )
phase=5.089380 [ 0.368125, -0.929776 ] ( 12062, -30465 )
phase=5.105088 [ 0.382683, -0.923880 ] ( 12539, -30272 )
phase=5.120796 [ 0.397148, -0.917755 ] ( 13013, -30072 )
phase=5.136504 [ 0.411514, -0.911403 ] ( 13484, -29863 )
phase=5.152212 [ 0.425779, -0.904827 ] ( 13951, -29648 )
phase=5.167920 [ 0.439939, -0.898028 ] ( 14415, -29425 )
phase=5.183628 [ 0.453990, -0.891007 ] ( 14875, -29195 )
phase=5.199336 [ 0.467930, -0.883766 ] ( 15332, -28958 )
phase=5.215044 [ 0.481754, -0.876307 ] ( 15785, -28713 )
phase=5.230752 [ 0.495459, -0.868632 ] ( 16234, -28462 )
phase=5.246460 [ 0.509041, -0.860742 ] ( 16679, -28203 )
phase=5.262168 [ 0.522499, -0.852640 ] ( 17120, -27938 )
phase=5.277876 [ 0.535827, -0.844328 ] ( 17557, -27666 )
phase=5.293584 [ 0.549023, -0.835807 ] ( 17989, -27386 )
phase=5.309292 [ 0.562083, -0.827081 ] ( 18417, -27100 )
phase=5.325000 [ 0.575005, -0.818150 ] ( 18841, -26808 )
phase=5.340708 [ 0.587785, -0.809017 ] ( 19259, -26509 )
phase=5.356415 [ 0.600420, -0.799685 ] ( 19673, -26203 )
phase=5.372123 [ 0.612907, -0.790155 ] ( 20083, -25891 )
phase=5.387831 [ 0.625243, -0.780430 ] ( 20487, -25572 )
phase=5.403539 [ 0.637424, -0.770513 ] ( 20886, -25247 )
phase=5.419247 [ 0.649448, -0.760406 ] ( 21280, -24916 )
phase=5.434955 [ 0.661312, -0.750111 ] ( 21669, -24578 )
phase=5.450663 [ 0.673013, -0.739631 ] ( 22052, -24235 )
phase=5.466371 [ 0.684547, -0.728969 ] ( 22430, -23886 )
phase=5.482079 [ 0.695913, -0.718126 ] ( 22802, -23530 )
phase=5.497787 [ 0.707107, -0.707107 ] ( 23169, -23169 )
phase=5.513495 [ 0.718126, -0.695913 ] ( 23530, -22802 )
phase=5.529203 [ 0.728969, -0.684547 ] ( 23886, -22430 )
phase=5.544911 [ 0.739631, -0.673013 ] ( 24235, -22052 )
phase=5.560619 [ 0.750111, -0.661312 ] ( 24578, -21669 )
phase=5.576327 [ 0.760406, -0.649448 ] ( 24916, -21280 )
phase=5.592035 [ 0.770513, -0.637424 ] ( 25247, -20886 )
phase=5.607743 [ 0.780430, -0.625243 ] ( 25572, -20487 )
phase=5.623451 [ 0.790155, -0.612907 ] ( 25891, -20083 )
phase=5.639159 [ 0.799685, -0.600420 ] ( 26203, -19673 )
phase=5.654867 [ 0.809017, -0.587785 ] ( 26509, -19259 )
phase=5.670575 [ 0.818150, -0.575005 ] ( 26808, -18841 )
phase=5.686283 [ 0.827081, -0.562083 ] ( 27100, -18417 )
phase=5.701991 [ 0.835807, -0.549023 ] ( 27386, -17989 )
phase=5.717699 [ 0.844328, -0.535827 ] ( 27666, -17557 )
phase=5.733407 [ 0.852640, -0.522499 ] ( 27938, -17120 )
phase=5.749115 [ 0.860742, -0.509041 ] ( 28203, -16679 )
phase=5.764823 [ 0.868632, -0.495459 ] ( 28462, -16234 )
phase=5.780530 [ 0.876307, -0.481754 ] ( 28713, -15785 )
phase=5.796238 [ 0.883766, -0.467930 ] ( 28958, -15332 )
phase=5.811946 [ 0.891007, -0.453991 ] ( 29195, -14875 )
phase=5.827654 [ 0.898028, -0.439939 ] ( 29425, -14415 )
phase=5.843362 [ 0.904827, -0.425779 ] ( 29648, -13951 )
phase=5.859070 [ 0.911403, -0.411514 ] ( 29863, -13484 )
phase=5.874778 [ 0.917755, -0.397148 ] ( 30072, -13013 )
phase=5.890486 [ 0.923880, -0.382683 ] ( 30272, -12539 )
phase=5.906194 [ 0.929776, -0.368125 ] ( 30465, -12062 )
phase=5.921902 [ 0.935444, -0.353475 ] ( 30651, -11582 )
phase=5.937610 [ 0.940881, -0.338738 ] ( 30829, -11099 )
phase=5.953318 [ 0.946085, -0.323917 ] ( 31000, -10613 )
phase=5.969026 [ 0.951057, -0.309017 ] ( 31163, -10125 )
phase=5.984734 [ 0.955793, -0.294040 ] ( 31318, -9634 )
phase=6.000442 [ 0.960294, -0.278991 ] ( 31465, -9141 )
phase=6.016150 [ 0.964557, -0.263873 ] ( 31605, -8646 )
phase=6.031858 [ 0.968583, -0.248690 ] ( 31737, -8148 )
phase=6.047566 [ 0.972370, -0.233445 ] ( 31861, -7649 )
phase=6.063274 [ 0.975917, -0.218143 ] ( 31977, -7147 )
phase=6.078982 [ 0.979223, -0.202787 ] ( 32086, -6644 )
phase=6.094690 [ 0.982287, -0.187381 ] ( 32186, -6139 )
phase=6.110398 [ 0.985109, -0.171929 ] ( 32279, -5633 )
phase=6.126106 [ 0.987688, -0.156434 ] ( 32363, -5125 )
phase=6.141814 [ 0.990024, -0.140901 ] ( 32440, -4616 )
phase=6.157522 [ 0.992115, -0.125333 ] ( 32508, -4106 )
phase=6.173230 [ 0.993961, -0.109734 ] ( 32569, -3595 )
phase=6.188938 [ 0.995562, -0.094108 ] ( 32621, -3083 )
phase=6.204645 [ 0.996917, -0.078459 ] ( 32665, -2570 )
phase=6.220353 [ 0.998027, -0.062791 ] ( 32702, -2057 )
phase=6.236061 [ 0.998890, -0.047106 ] ( 32730, -1543 )
phase=6.251769 [ 0.999507, -0.031411 ] ( 32750, -1029 )
phase=6.267477 [ 0.999877, -0.015707 ] ( 32762, -0514 )
phase=6.283185 [ 1.000000, -0.000000 ] ( 32767, 00000 )
phase=0.015708 [ 0.999877, 0.015707 ] ( 32762, 00514 )
phase=0.031416 [ 0.999507, 0.031411 ] ( 32750, 01029 )
phase=0.047124 [ 0.998890, 0.047106 ] ( 32730, 01543 )
phase=0.062832 [ 0.998027, 0.062791 ] ( 32702, 02057 )
phase=0.078540 [ 0.996917, 0.078459 ] ( 32665, 02570 )
phase=0.094248 [ 0.995562, 0.094108 ] ( 32621, 03083 )
phase=0.109956 [ 0.993961, 0.109734 ] ( 32569, 03595 )
phase=0.125664 [ 0.992115, 0.125333 ] ( 32508, 04106 )
phase=0.141372 [ 0.990024, 0.140901 ] ( 32440, 04616 )
phase=0.157080 [ 0.987688, 0.156434 ] ( 32363, 05125 )
phase=0.172788 [ 0.985109, 0.171929 ] ( 32279, 05633 )
phase=0.188496 [ 0.982287, 0.187381 ] ( 32186, 06139 )
phase=0.204204 [ 0.979223, 0.202787 ] ( 32086, 06644 )
phase=0.219911 [ 0.975917, 0.218143 ] ( 31977, 07147 )
phase=0.235619 [ 0.972370, 0.233445 ] ( 31861, 07649 )
phase=0.251327 [ 0.968583, 0.248690 ] ( 31737, 08148 )
phase=0.267035 [ 0.964557, 0.263873 ] ( 31605, 08646 )
phase=0.282743 [ 0.960294, 0.278991 ] ( 31465, 09141 )
phase=0.298451 [ 0.955793, 0.294040 ] ( 31318, 09634 )
phase=0.314159 [ 0.951057, 0.309017 ] ( 31163, 10125 )
phase=0.329867 [ 0.946085, 0.323917 ] ( 31000, 10613 )
phase=0.345575 [ 0.940881, 0.338738 ] ( 30829, 11099 )
phase=0.361283 [ 0.935444, 0.353475 ] ( 30651, 11582 )
phase=0.376991 [ 0.929776, 0.368125 ] ( 30465, 12062 )
phase=0.392699 [ 0.923880, 0.382683 ] ( 30272, 12539 )
phase=0.408407 [ 0.917755, 0.397148 ] ( 30072, 13013 )
phase=0.424115 [ 0.911403, 0.411514 ] ( 29863, 13484 )
phase=0.439823 [ 0.904827, 0.425779 ] ( 29648, 13951 )
phase=0.455531 [ 0.898028, 0.439939 ] ( 29425, 14415 )
phase=0.471239 [ 0.891007, 0.453990 ] ( 29195, 14875 )
phase=0.486947 [ 0.883766, 0.467930 ] ( 28958, 15332 )
phase=0.502655 [ 0.876307, 0.481754 ] ( 28713, 15785 )
phase=0.518363 [ 0.868632, 0.495459 ] ( 28462, 16234 )
phase=0.534071 [ 0.860742, 0.509041 ] ( 28203, 16679 )
phase=0.549779 [ 0.852640, 0.522499 ] ( 27938, 17120 )
phase=0.565487 [ 0.844328, 0.535827 ] ( 27666, 17557 )
phase=0.581195 [ 0.835807, 0.549023 ] ( 27386, 17989 )
phase=0.596903 [ 0.827081, 0.562083 ] ( 27100, 18417 )
phase=0.612611 [ 0.818150, 0.575005 ] ( 26808, 18841 )
phase=0.628319 [ 0.809017, 0.587785 ] ( 26509, 19259 )
phase=0.644026 [ 0.799685, 0.600420 ] ( 26203, 19673 )
phase=0.659734 [ 0.790155, 0.612907 ] ( 25891, 20083 )
phase=0.675442 [ 0.780430, 0.625243 ] ( 25572, 20487 )
phase=0.691150 [ 0.770513, 0.637424 ] ( 25247, 20886 )
phase=0.706858 [ 0.760406, 0.649448 ] ( 24916, 21280 )
phase=0.722566 [ 0.750111, 0.661312 ] ( 24578, 21669 )
phase=0.738274 [ 0.739631, 0.673013 ] ( 24235, 22052 )
phase=0.753982 [ 0.728969, 0.684547 ] ( 23886, 22430 )
phase=0.769690 [ 0.718126, 0.695913 ] ( 23530, 22802 )
phase=0.785398 [ 0.707107, 0.707107 ] ( 23169, 23169 )
phase=0.801106 [ 0.695913, 0.718126 ] ( 22802, 23530 )
phase=0.816814 [ 0.684547, 0.728969 ] ( 22430, 23886 )
phase=0.832522 [ 0.673013, 0.739631 ] ( 22052, 24235 )
phase=0.848230 [ 0.661312, 0.750111 ] ( 21669, 24578 )
phase=0.863938 [ 0.649448, 0.760406 ] ( 21280, 24916 )
phase=0.879646 [ 0.637424, 0.770513 ] ( 20886, 25247 )
phase=0.895354 [ 0.625243, 0.780430 ] ( 20487, 25572 )
phase=0.911062 [ 0.612907, 0.790155 ] ( 20083, 25891 )
phase=0.926770 [ 0.600420, 0.799685 ] ( 19673, 26203 )
phase=0.942478 [ 0.587785, 0.809017 ] ( 19259, 26509 )
phase=0.958186 [ 0.575005, 0.818150 ] ( 18841, 26808 )
phase=0.973894 [ 0.562083, 0.827081 ] ( 18417, 27100 )
phase=0.989602 [ 0.549023, 0.835807 ] ( 17989, 27386 )
phase=1.005310 [ 0.535827, 0.844328 ] ( 17557, 27666 )
phase=1.021018 [ 0.522499, 0.852640 ] ( 17120, 27938 )
phase=1.036726 [ 0.509041, 0.860742 ] ( 16679, 28203 )
phase=1.052434 [ 0.495459, 0.868632 ] ( 16234, 28462 )
phase=1.068142 [ 0.481754, 0.876307 ] ( 15785, 28713 )
phase=1.083849 [ 0.467930, 0.883766 ] ( 15332, 28958 )
phase=1.099557 [ 0.453991, 0.891007 ] ( 14875, 29195 )
phase=1.115265 [ 0.439939, 0.898028 ] ( 14415, 29425 )
phase=1.130973 [ 0.425779, 0.904827 ] ( 13951, 29648 )
phase=1.146681 [ 0.411514, 0.911403 ] ( 13484, 29863 )
phase=1.162389 [ 0.397148, 0.917755 ] ( 13013, 30072 )
phase=1.178097 [ 0.382683, 0.923880 ] ( 12539, 30272 )
phase=1.193805 [ 0.368125, 0.929776 ] ( 12062, 30465 )
phase=1.209513 [ 0.353475, 0.935444 ] ( 11582, 30651 )
phase=1.225221 [ 0.338738, 0.940881 ] ( 11099, 30829 )
phase=1.240929 [ 0.323917, 0.946085 ] ( 10613, 31000 )
phase=1.256637 [ 0.309017, 0.951057 ] ( 10125, 31163 )
phase=1.272345 [ 0.294040, 0.955793 ] ( 09634, 31318 )
phase=1.288053 [ 0.278991, 0.960294 ] ( 09141, 31465 )
phase=1.303761 [ 0.263873, 0.964557 ] ( 08646, 31605 )
phase=1.319469 [ 0.248690, 0.968583 ] ( 08148, 31737 )
phase=1.335177 [ 0.233445, 0.972370 ] ( 07649, 31861 )
phase=1.350885 [ 0.218143, 0.975917 ] ( 07147, 31977 )
phase=1.366593 [ 0.202787, 0.979223 ] ( 06644, 32086 )
phase=1.382301 [ 0.187381, 0.982287 ] ( 06139, 32186 )
phase=1.398009 [ 0.171929, 0.985109 ] ( 05633, 32279 )
phase=1.413717 [ 0.156434, 0.987688 ] ( 05125, 32363 )
phase=1.429425 [ 0.140901, 0.990024 ] ( 04616, 32440 )
phase=1.445133 [ 0.125333, 0.992115 ] ( 04106, 32508 )
phase=1.460841 [ 0.109734, 0.993961 ] ( 03595, 32569 )
phase=1.476549 [ 0.094108, 0.995562 ] ( 03083, 32621 )
phase=1.492257 [ 0.078459, 0.996917 ] ( 02570, 32665 )
phase=1.507964 [ 0.062791, 0.998027 ] ( 02057, 32702 )
phase=1.523672 [ 0.047106, 0.998890 ] ( 01543, 32730 )
phase=1.539380 [ 0.031411, 0.999507 ] ( 01029, 32750 )
phase=1.555088 [ 0.015707, 0.999877 ] ( 00514, 32762 )
phase=1.570796 [ 0.000000, 1.000000 ] ( 00000, 32767 )
phase=1.586504 [ -0.015707, 0.999877 ] ( -0514, 32762 )
phase=1.602212 [ -0.031411, 0.999507 ] ( -1029, 32750 )
phase=1.617920 [ -0.047106, 0.998890 ] ( -1543, 32730 )
phase=1.633628 [ -0.062791, 0.998027 ] ( -2057, 32702 )
phase=1.649336 [ -0.078459, 0.996917 ] ( -2570, 32665 )
phase=1.665044 [ -0.094108, 0.995562 ] ( -3083, 32621 )
phase=1.680752 [ -0.109734, 0.993961 ] ( -3595, 32569 )
phase=1.696460 [ -0.125333, 0.992115 ] ( -4106, 32508 )
phase=1.712168 [ -0.140901, 0.990024 ] ( -4616, 32440 )
phase=1.727876 [ -0.156434, 0.987688 ] ( -5125, 32363 )
phase=1.743584 [ -0.171929, 0.985109 ] ( -5633, 32279 )
phase=1.759292 [ -0.187381, 0.982287 ] ( -6139, 32186 )
phase=1.775000 [ -0.202787, 0.979223 ] ( -6644, 32086 )
phase=1.790708 [ -0.218143, 0.975917 ] ( -7147, 31977 )
phase=1.806416 [ -0.233445, 0.972370 ] ( -7649, 31861 )
phase=1.822124 [ -0.248690, 0.968583 ] ( -8148, 31737 )
phase=1.837832 [ -0.263873, 0.964557 ] ( -8646, 31605 )
phase=1.853540 [ -0.278991, 0.960294 ] ( -9141, 31465 )
phase=1.869248 [ -0.294040, 0.955793 ] ( -9634, 31318 )
phase=1.884956 [ -0.309017, 0.951057 ] ( -10125, 31163 )
phase=1.900664 [ -0.323917, 0.946085 ] ( -10613, 31000 )
phase=1.916372 [ -0.338738, 0.940881 ] ( -11099, 30829 )
phase=1.932079 [ -0.353475, 0.935444 ] ( -11582, 30651 )
phase=1.947787 [ -0.368125, 0.929776 ] ( -12062, 30465 )
phase=1.963495 [ -0.382683, 0.923880 ] ( -12539, 30272 )
phase=1.979203 [ -0.397148, 0.917755 ] ( -13013, 30072 )
phase=1.994911 [ -0.411514, 0.911403 ] ( -13484, 29863 )
phase=2.010619 [ -0.425779, 0.904827 ] ( -13951, 29648 )
phase=2.026327 [ -0.439939, 0.898028 ] ( -14415, 29425 )
phase=2.042035 [ -0.453990, 0.891007 ] ( -14875, 29195 )
phase=2.057743 [ -0.467930, 0.883766 ] ( -15332, 28958 )
phase=2.073451 [ -0.481754, 0.876307 ] ( -15785, 28713 )
phase=2.089159 [ -0.495459, 0.868632 ] ( -16234, 28462 )
phase=2.104867 [ -0.509041, 0.860742 ] ( -16679, 28203 )
phase=2.120575 [ -0.522499, 0.852640 ] ( -17120, 27938 )
phase=2.136283 [ -0.535827, 0.844328 ] ( -17557, 27666 )
phase=2.151991 [ -0.549023, 0.835807 ] ( -17989, 27386 )
phase=2.167699 [ -0.562083, 0.827081 ] ( -18417, 27100 )
phase=2.183407 [ -0.575005, 0.818150 ] ( -18841, 26808 )
phase=2.199115 [ -0.587785, 0.809017 ] ( -19259, 26509 )
phase=2.214823 [ -0.600420, 0.799685 ] ( -19673, 26203 )
phase=2.230531 [ -0.612907, 0.790155 ] ( -20083, 25891 )
phase=2.246239 [ -0.625243, 0.780430 ] ( -20487, 25572 )
phase=2.261947 [ -0.637424, 0.770513 ] ( -20886, 25247 )
phase=2.277655 [ -0.649448, 0.760406 ] ( -21280, 24916 )
phase=2.293363 [ -0.661312, 0.750111 ] ( -21669, 24578 )
phase=2.309071 [ -0.673013, 0.739631 ] ( -22052, 24235 )
phase=2.324779 [ -0.684547, 0.728969 ] ( -22430, 23886 )
phase=2.340487 [ -0.695913, 0.718126 ] ( -22802, 23530 )
phase=2.356194 [ -0.707107, 0.707107 ] ( -23169, 23169 )
phase=2.371902 [ -0.718126, 0.695913 ] ( -23530, 22802 )
phase=2.387610 [ -0.728969, 0.684547 ] ( -23886, 22430 )
phase=2.403318 [ -0.739631, 0.673013 ] ( -24235, 22052 )
phase=2.419026 [ -0.750111, 0.661312 ] ( -24578, 21669 )
phase=2.434734 [ -0.760406, 0.649448 ] ( -24916, 21280 )
phase=2.450442 [ -0.770513, 0.637424 ] ( -25247, 20886 )
phase=2.466150 [ -0.780430, 0.625243 ] ( -25572, 20487 )
phase=2.481858 [ -0.790155, 0.612907 ] ( -25891, 20083 )
phase=2.497566 [ -0.799685, 0.600420 ] ( -26203, 19673 )
phase=2.513274 [ -0.809017, 0.587785 ] ( -26509, 19259 )
phase=2.528982 [ -0.818150, 0.575005 ] ( -26808, 18841 )
phase=2.544690 [ -0.827081, 0.562083 ] ( -27100, 18417 )
phase=2.560398 [ -0.835807, 0.549023 ] ( -27386, 17989 )
phase=2.576106 [ -0.844328, 0.535827 ] ( -27666, 17557 )
phase=2.591814 [ -0.852640, 0.522499 ] ( -27938, 17120 )
phase=2.607522 [ -0.860742, 0.509041 ] ( -28203, 16679 )
phase=2.623230 [ -0.868632, 0.495459 ] ( -28462, 16234 )
phase=2.638938 [ -0.876307, 0.481754 ] ( -28713, 15785 )
phase=2.654646 [ -0.883766, 0.467930 ] ( -28958, 15332 )
phase=2.670354 [ -0.891007, 0.453991 ] ( -29195, 14875 )
phase=2.686062 [ -0.898028, 0.439939 ] ( -29425, 14415 )
phase=2.701770 [ -0.904827, 0.425779 ] ( -29648, 13951 )
phase=2.717478 [ -0.911403, 0.411514 ] ( -29863, 13484 )
phase=2.733186 [ -0.917755, 0.397148 ] ( -30072, 13013 )
phase=2.748894 [ -0.923880, 0.382683 ] ( -30272, 12539 )
phase=2.764602 [ -0.929776, 0.368125 ] ( -30465, 12062 )
phase=2.780309 [ -0.935444, 0.353475 ] ( -30651, 11582 )
phase=2.796017 [ -0.940881, 0.338738 ] ( -30829, 11099 )
phase=2.811725 [ -0.946085, 0.323917 ] ( -31000, 10613 )
phase=2.827433 [ -0.951057, 0.309017 ] ( -31163, 10125 )
phase=2.843141 [ -0.955793, 0.294040 ] ( -31318, 09634 )
phase=2.858849 [ -0.960294, 0.278991 ] ( -31465, 09141 )
phase=2.874557 [ -0.964557, 0.263873 ] ( -31605, 08646 )
phase=2.890265 [ -0.968583, 0.248690 ] ( -31737, 08148 )
phase=2.905973 [ -0.972370, 0.233445 ] ( -31861, 07649 )
phase=2.921681 [ -0.975917, 0.218143 ] ( -31977, 07147 )
phase=2.937389 [ -0.979223, 0.202787 ] ( -32086, 06644 )
phase=2.953097 [ -0.982287, 0.187381 ] ( -32186, 06139 )
phase=2.968805 [ -0.985109, 0.171929 ] ( -32279, 05633 )
phase=2.984513 [ -0.987688, 0.156434 ] ( -32363, 05125 )
phase=3.000221 [ -0.990024, 0.140901 ] ( -32440, 04616 )
phase=3.015929 [ -0.992115, 0.125333 ] ( -32508, 04106 )
phase=3.031637 [ -0.993961, 0.109734 ] ( -32569, 03595 )
phase=3.047345 [ -0.995562, 0.094108 ] ( -32621, 03083 )
phase=3.063053 [ -0.996917, 0.078459 ] ( -32665, 02570 )
phase=3.078761 [ -0.998027, 0.062791 ] ( -32702, 02057 )
phase=3.094469 [ -0.998890, 0.047106 ] ( -32730, 01543 )
phase=3.110177 [ -0.999507, 0.031411 ] ( -32750, 01029 )
phase=3.125885 [ -0.999877, 0.015707 ] ( -32762, 00514 )
phase=3.141593 [ -1.000000, 0.000000 ] ( -32767, 00000 )
phase=3.157301 [ -0.999877, -0.015707 ] ( -32762, -0514 )
phase=3.173009 [ -0.999507, -0.031411 ] ( -32750, -1029 )
phase=3.188717 [ -0.998890, -0.047106 ] ( -32730, -1543 )
phase=3.204425 [ -0.998027, -0.062791 ] ( -32702, -2057 )
phase=3.220132 [ -0.996917, -0.078459 ] ( -32665, -2570 )
phase=3.235840 [ -0.995562, -0.094108 ] ( -32621, -3083 )
phase=3.251548 [ -0.993961, -0.109734 ] ( -32569, -3595 )
phase=3.267256 [ -0.992115, -0.125333 ] ( -32508, -4106 )
phase=3.282964 [ -0.990024, -0.140901 ] ( -32440, -4616 )
phase=3.298672 [ -0.987688, -0.156434 ] ( -32363, -5125 )
phase=3.314380 [ -0.985109, -0.171929 ] ( -32279, -5633 )
phase=3.330088 [ -0.982287, -0.187381 ] ( -32186, -6139 )
phase=3.345796 [ -0.979223, -0.202787 ] ( -32086, -6644 )
phase=3.361504 [ -0.975917, -0.218143 ] ( -31977, -7147 )
phase=3.377212 [ -0.972370, -0.233445 ] ( -31861, -7649 )
phase=3.392920 [ -0.968583, -0.248690 ] ( -31737, -8148 )
phase=3.408628 [ -0.964557, -0.263873 ] ( -31605, -8646 )
phase=3.424336 [ -0.960294, -0.278991 ] ( -31465, -9141 )
phase=3.440044 [ -0.955793, -0.294040 ] ( -31318, -9634 )
phase=3.455752 [ -0.951057, -0.309017 ] ( -31163, -10125 )
phase=3.471460 [ -0.946085, -0.323917 ] ( -31000, -10613 )
phase=3.487168 [ -0.940881, -0.338738 ] ( -30829, -11099 )
phase=3.502876 [ -0.935444, -0.353475 ] ( -30651, -11582 )
phase=3.518584 [ -0.929776, -0.368125 ] ( -30465, -12062 )
phase=3.534292 [ -0.923880, -0.382683 ] ( -30272, -12539 )
phase=3.550000 [ -0.917755, -0.397148 ] ( -30072, -13013 )
phase=3.565708 [ -0.911403, -0.411514 ] ( -29863, -13484 )
phase=3.581416 [ -0.904827, -0.425779 ] ( -29648, -13951 )
phase=3.597124 [ -0.898028, -0.439939 ] ( -29425, -14415 )
phase=3.612832 [ -0.891007, -0.453990 ] ( -29195, -14875 )
phase=3.628540 [ -0.883766, -0.467930 ] ( -28958, -15332 )
phase=3.644247 [ -0.876307, -0.481754 ] ( -28713, -15785 )
phase=3.659955 [ -0.868632, -0.495459 ] ( -28462, -16234 )
phase=3.675663 [ -0.860742, -0.509041 ] ( -28203, -16679 )
phase=3.691371 [ -0.852640, -0.522499 ] ( -27938, -17120 )
phase=3.707079 [ -0.844328, -0.535827 ] ( -27666, -17557 )
phase=3.722787 [ -0.835807, -0.549023 ] ( -27386, -17989 )
phase=3.738495 [ -0.827081, -0.562083 ] ( -27100, -18417 )
phase=3.754203 [ -0.818150, -0.575005 ] ( -26808, -18841 )
phase=3.769911 [ -0.809017, -0.587785 ] ( -26509, -19259 )
phase=3.785619 [ -0.799685, -0.600420 ] ( -26203, -19673 )
phase=3.801327 [ -0.790155, -0.612907 ] ( -25891, -20083 )
phase=3.817035 [ -0.780430, -0.625243 ] ( -25572, -20487 )
phase=3.832743 [ -0.770513, -0.637424 ] ( -25247, -20886 )
phase=3.848451 [ -0.760406, -0.649448 ] ( -24916, -21280 )
phase=3.864159 [ -0.750111, -0.661312 ] ( -24578, -21669 )
phase=3.879867 [ -0.739631, -0.673013 ] ( -24235, -22052 )
phase=3.895575 [ -0.728969, -0.684547 ] ( -23886, -22430 )
phase=3.911283 [ -0.718126, -0.695913 ] ( -23530, -22802 )
phase=3.926991 [ -0.707107, -0.707107 ] ( -23169, -23169 )
phase=3.942699 [ -0.695913, -0.718126 ] ( -22802, -23530 )
phase=3.958407 [ -0.684547, -0.728969 ] ( -22430, -23886 )
phase=3.974115 [ -0.673013, -0.739631 ] ( -22052, -24235 )
phase=3.989823 [ -0.661312, -0.750111 ] ( -21669, -24578 )
phase=4.005531 [ -0.649448, -0.760406 ] ( -21280, -24916 )
phase=4.021239 [ -0.637424, -0.770513 ] ( -20886, -25247 )
phase=4.036947 [ -0.625243, -0.780430 ] ( -20487, -25572 )
phase=4.052655 [ -0.612907, -0.790155 ] ( -20083, -25891 )
phase=4.068362 [ -0.600420, -0.799685 ] ( -19673, -26203 )
phase=4.084070 [ -0.587785, -0.809017 ] ( -19259, -26509 )
phase=4.099778 [ -0.575005, -0.818150 ] ( -18841, -26808 )
phase=4.115486 [ -0.562083, -0.827081 ] ( -18417, -27100 )
phase=4.131194 [ -0.549023, -0.835807 ] ( -17989, -27386 )
phase=4.146902 [ -0.535827, -0.844328 ] ( -17557, -27666 )
phase=4.162610 [ -0.522499, -0.852640 ] ( -17120, -27938 )
phase=4.178318 [ -0.509041, -0.860742 ] ( -16679, -28203 )
phase=4.194026 [ -0.495459, -0.868632 ] ( -16234, -28462 )
phase=4.209734 [ -0.481754, -0.876307 ] ( -15785, -28713 )
phase=4.225442 [ -0.467930, -0.883766 ] ( -15332, -28958 )
phase=4.241150 [ -0.453991, -0.891007 ] ( -14875, -29195 )
phase=4.256858 [ -0.439939, -0.898028 ] ( -14415, -29425 )
phase=4.272566 [ -0.425779, -0.904827 ] ( -13951, -29648 )
phase=4.288274 [ -0.411514, -0.911403 ] ( -13484, -29863 )
phase=4.303982 [ -0.397148, -0.917755 ] ( -13013, -30072 )
phase=4.319690 [ -0.382683, -0.923880 ] ( -12539, -30272 )
phase=4.335398 [ -0.368125, -0.929776 ] ( -12062, -30465 )
phase=4.351106 [ -0.353475, -0.935444 ] ( -11582, -30651 )
phase=4.366814 [ -0.338738, -0.940881 ] ( -11099, -30829 )
phase=4.382522 [ -0.323917, -0.946085 ] ( -10613, -31000 )
phase=4.398230 [ -0.309017, -0.951057 ] ( -10125, -31163 )
phase=4.413938 [ -0.294040, -0.955793 ] ( -9634, -31318 )
phase=4.429646 [ -0.278991, -0.960294 ] ( -9141, -31465 )
phase=4.445354 [ -0.263873, -0.964557 ] ( -8646, -31605 )
phase=4.461062 [ -0.248690, -0.968583 ] ( -8148, -31737 )
phase=4.476770 [ -0.233445, -0.972370 ] ( -7649, -31861 )
phase=4.492477 [ -0.218143, -0.975917 ] ( -7147, -31977 )
phase=4.508185 [ -0.202787, -0.979223 ] ( -6644, -32086 )
phase=4.523893 [ -0.187381, -0.982287 ] ( -6139, -32186 )
phase=4.539601 [ -0.171929, -0.985109 ] ( -5633, -32279 )
phase=4.555309 [ -0.156434, -0.987688 ] ( -5125, -32363 )
phase=4.571017 [ -0.140901, -0.990024 ] ( -4616, -32440 )
phase=4.586725 [ -0.125333, -0.992115 ] ( -4106, -32508 )
phase=4.602433 [ -0.109734, -0.993961 ] ( -3595, -32569 )
phase=4.618141 [ -0.094108, -0.995562 ] ( -3083, -32621 )
phase=4.633849 [ -0.078459, -0.996917 ] ( -2570, -32665 )
phase=4.649557 [ -0.062791, -0.998027 ] ( -2057, -32702 )
phase=4.665265 [ -0.047106, -0.998890 ] ( -1543, -32730 )
phase=4.680973 [ -0.031411, -0.999507 ] ( -1029, -32750 )
phase=4.696681 [ -0.015707, -0.999877 ] ( -0514, -32762 )
phase=4.712389 [ -0.000000, -1.000000 ] ( 00000, -32767 )
phase=4.728097 [ 0.015707, -0.999877 ] ( 00514, -32762 )
phase=4.743805 [ 0.031411, -0.999507 ] ( 01029, -32750 )
phase=4.759513 [ 0.047106, -0.998890 ] ( 01543, -32730 )
phase=4.775221 [ 0.062791, -0.998027 ] ( 02057, -32702 )
phase=4.790929 [ 0.078459, -0.996917 ] ( 02570, -32665 )
phase=4.806637 [ 0.094108, -0.995562 ] ( 03083, -32621 )
phase=4.822345 [ 0.109734, -0.993961 ] ( 03595, -32569 )
phase=4.838053 [ 0.125333, -0.992115 ] ( 04106, -32508 )
phase=4.853761 [ 0.140901, -0.990024 ] ( 04616, -32440 )
phase=4.869469 [ 0.156434, -0.987688 ] ( 05125, -32363 )
phase=4.885177 [ 0.171929, -0.985109 ] ( 05633, -32279 )
phase=4.900885 [ 0.187381, -0.982287 ] ( 06139, -32186 )
phase=4.916592 [ 0.202787, -0.979223 ] ( 06644, -32086 )
phase=4.932300 [ 0.218143, -0.975917 ] ( 07147, -31977 )
phase=4.948008 [ 0.233445, -0.972370 ] ( 07649, -31861 )
phase=4.963716 [ 0.248690, -0.968583 ] ( 08148, -31737 )
phase=4.979424 [ 0.263873, -0.964557 ] ( 08646, -31605 )
phase=4.995132 [ 0.278991, -0.960294 ] ( 09141, -31465 )
phase=5.010840 [ 0.294040, -0.955793 ] ( 09634, -31318 )
phase=5.026548 [ 0.309017, -0.951057 ] ( 10125, -31163 )
phase=5.042256 [ 0.323917, -0.946085 ] ( 10613, -31000 )
phase=5.057964 [ 0.338738, -0.940881 ] ( 11099, -30829 )
phase=5.073672 [ 0.353475, -0.935444 ] ( 11582, -30651 )
phase=5.089380 [ 0.368125, -0.929776 ] ( 12062, -30465 )
phase=5.105088 [ 0.382683, -0.923880 ] ( 12539, -30272 )
phase=5.120796 [ 0.397148, -0.917755 ] ( 13013, -30072 )
phase=5.136504 [ 0.411514, -0.911403 ] ( 13484, -29863 )
phase=5.152212 [ 0.425779, -0.904827 ] ( 13951, -29648 )
phase=5.167920 [ 0.439939, -0.898028 ] ( 14415, -29425 )
phase=5.183628 [ 0.453990, -0.891007 ] ( 14875, -29195 )
phase=5.199336 [ 0.467930, -0.883766 ] ( 15332, -28958 )
phase=5.215044 [ 0.481754, -0.876307 ] ( 15785, -28713 )
phase=5.230752 [ 0.495459, -0.868632 ] ( 16234, -28462 )
phase=5.246460 [ 0.509041, -0.860742 ] ( 16679, -28203 )
phase=5.262168 [ 0.522499, -0.852640 ] ( 17120, -27938 )
phase=5.277876 [ 0.535827, -0.844328 ] ( 17557, -27666 )
phase=5.293584 [ 0.549023, -0.835807 ] ( 17989, -27386 )
phase=5.309292 [ 0.562083, -0.827081 ] ( 18417, -27100 )
phase=5.325000 [ 0.575005, -0.818150 ] ( 18841, -26808 )
phase=5.340708 [ 0.587785, -0.809017 ] ( 19259, -26509 )
phase=5.356415 [ 0.600420, -0.799685 ] ( 19673, -26203 )
phase=5.372123 [ 0.612907, -0.790155 ] ( 20083, -25891 )
phase=5.387831 [ 0.625243, -0.780430 ] ( 20487, -25572 )
phase=5.403539 [ 0.637424, -0.770513 ] ( 20886, -25247 )
phase=5.419247 [ 0.649448, -0.760406 ] ( 21280, -24916 )
phase=5.434955 [ 0.661312, -0.750111 ] ( 21669, -24578 )
phase=5.450663 [ 0.673013, -0.739631 ] ( 22052, -24235 )
phase=5.466371 [ 0.684547, -0.728969 ] ( 22430, -23886 )
phase=5.482079 [ 0.695913, -0.718126 ] ( 22802, -23530 )
phase=5.497787 [ 0.707107, -0.707107 ] ( 23169, -23169 )
phase=5.513495 [ 0.718126, -0.695913 ] ( 23530, -22802 )
phase=5.529203 [ 0.728969, -0.684547 ] ( 23886, -22430 )
phase=5.544911 [ 0.739631, -0.673013 ] ( 24235, -22052 )
phase=5.560619 [ 0.750111, -0.661312 ] ( 24578, -21669 )
phase=5.576327 [ 0.760406, -0.649448 ] ( 24916, -21280 )
phase=5.592035 [ 0.770513, -0.637424 ] ( 25247, -20886 )
phase=5.607743 [ 0.780430, -0.625243 ] ( 25572, -20487 )
phase=5.623451 [ 0.790155, -0.612907 ] ( 25891, -20083 )
phase=5.639159 [ 0.799685, -0.600420 ] ( 26203, -19673 )
phase=5.654867 [ 0.809017, -0.587785 ] ( 26509, -19259 )
phase=5.670575 [ 0.818150, -0.575005 ] ( 26808, -18841 )
phase=5.686283 [ 0.827081, -0.562083 ] ( 27100, -18417 )
phase=5.701991 [ 0.835807, -0.549023 ] ( 27386, -17989 )
phase=5.717699 [ 0.844328, -0.535827 ] ( 27666, -17557 )
phase=5.733407 [ 0.852640, -0.522499 ] ( 27938, -17120 )
phase=5.749115 [ 0.860742, -0.509041 ] ( 28203, -16679 )
phase=5.764823 [ 0.868632, -0.495459 ] ( 28462, -16234 )
phase=5.780530 [ 0.876307, -0.481754 ] ( 28713, -15785 )
.
Shutdown Complete.
